#Accelerometer
accelerometer_noise_density: 0.0017700731082729352 
accelerometer_random_walk: 0.00017510329172100184 

#Gyroscope
gyroscope_noise_density: 0.00012389956972902707 
gyroscope_random_walk: 3.05612897161161e-06 

rostopic: '/stereo/davis_left/imu/data_raw' #Make sure this is correct
update_rate: 1000.0 #Make sure this is correct

timeshift_sensor_bodyimu: -0.13730232537324144  # multi-imu calibration