%YAML:1.0

cam0:
  T_imu_cam: #rotation from camera to IMU R_CtoI, position of camera in IMU p_CinI
    - [-0.00269777, -0.01766357,  0.99983832,  0.022029  ]
    - [-0.99981649,  0.01890581, -0.00236577,  0.067436  ]
    - [-0.01885898, -0.99966324, -0.01770938, -0.078333  ]
    - [ 0.        ,  0.        ,  0.        ,  1.        ]
  cam_overlaps: [1]
  camera_model: pinhole
  distortion_coeffs: [ -9.19851288e-02, 8.66983905e-02, 2.48622790e-04, 7.21565739e-04 ]
  distortion_model: radtan
  intrinsics: [6.05128601e+02, 6.04974060e+02, 5.20453430e+02, 3.93878479e+02] #fu, fv, cu, cv
  resolution: [1024, 768]
  rostopic: /stereo/frame_left/image_raw
cam1:
  T_imu_cam: #rotation from camera to IMU R_CtoI, position of camera in IMU p_CinI
    - [ 0.00864713,  0.00332174,  0.99995474,  0.020508  ]
    - [-0.99989006,  0.01187957,  0.00860474, -0.092345  ]
    - [-0.0118481 , -0.99992157,  0.00342643, -0.07923   ]
    - [ 0.        ,  0.        ,  0.        ,  1.        ]
  cam_overlaps: [0]
  camera_model: pinhole
  distortion_coeffs: [ -9.58003029e-02, 8.74120295e-02, 2.08094658e-04, -1.08567670e-04 ]
  distortion_model: radtan
  intrinsics: [6.04964966e+02, 6.04625610e+02, 5.16844666e+02, 3.88209320e+02] #fu, fv, cu, cv
  resolution: [1024, 768]
  rostopic: /stereo/frame_right/image_raw