%YAML:1.0

cam0:
  T_imu_cam: #rotation from camera to IMU R_CtoI, position of camera in IMU p_CinI
    - [-0.01885902, -0.99966527, -0.01771144,  0.067436  ]
    - [ 0.0026998 ,  0.01766361, -0.99984034, -0.022029  ]
    - [ 0.99981851, -0.01890383,  0.00236578, -0.078333  ]
    - [ 0.        ,  0.        ,  0.        ,  1.        ]
  cam_overlaps: [1]
  camera_model: pinhole
  distortion_coeffs: [ -9.19851288e-02, 8.66983905e-02, 2.48622790e-04, 7.21565739e-04 ]
  distortion_model: radtan
  intrinsics: [6.05128601e+02, 6.04974060e+02, 5.20453430e+02, 3.93878479e+02] #fu, fv, cu, cv
  resolution: [1024, 768]
  rostopic: /stereo/frame_left/image_raw_decomp
cam1:
  T_imu_cam: #rotation from camera to IMU R_CtoI, position of camera in IMU p_CinI
    - [-0.01184813, -0.99992395,  0.00342407, -0.092345  ]
    - [-0.00864477, -0.00332175, -0.99995712, -0.020508  ]
    - [ 0.99989244, -0.01187722, -0.00860476, -0.07923   ]
    - [ 0.        ,  0.        ,  0.        ,  1.        ]
  cam_overlaps: [0]
  camera_model: pinhole
  distortion_coeffs: [ -9.58003029e-02, 8.74120295e-02, 2.08094658e-04, -1.08567670e-04 ]
  distortion_model: radtan
  intrinsics: [6.04964966e+02, 6.04625610e+02, 5.16844666e+02, 3.88209320e+02] #fu, fv, cu, cv
  resolution: [1024, 768]
  rostopic: /stereo/frame_right/image_raw_decomp