%YAML:1.0

cam0:
  T_imu_cam: #rotation from camera to IMU R_CtoI, position of camera in IMU p_CinI
    - [ 3.78804481e-04,  3.24736401e-03,  9.99994656e-01,  1.58081814e-02]
    - [-9.99991210e-01, -4.17454278e-03,  3.92359508e-04, -2.89003681e-02]
    - [ 4.17579461e-03, -9.99986014e-01,  3.24575412e-03, -7.32257480e-03]
    - [ 0.00000000e+00,  0.00000000e+00,  0.00000000e+00,  1.00000000e+00]
  cam_overlaps: [1]
  camera_model: pinhole
  distortion_coeffs: [-0.28340811, 0.07395907, 0.00019359, 1.76187114e-05]
  distortion_model: plumb_bob
  intrinsics: [640.255126953125, 639.4168090820312, 645.2245483398438, 360.5377197265625] #fu, fv, cu, cv
  resolution: [1280, 720]
  rostopic: /camera/color/image_raw
