%YAML:1.0

cam0:
  T_imu_cam: #rotation from camera to IMU R_CtoI, position of camera in IMU p_CinI
    - [-9.99864773e-01,  3.59084242e-03,  1.60480706e-02,  1.06985511e-02]
    - [-3.47694865e-03, -9.99968613e-01,  7.11931310e-03, -3.72033595e-05]
    - [ 1.60731312e-02,  7.06255206e-03,  9.99845876e-01,  1.71982536e-04]
    - [ 0.00000000e+00,  0.00000000e+00,  0.00000000e+00,  1.00000000e+00]
  cam_overlaps: [1]
  camera_model: pinhole
  distortion_coeffs: [-0.010788350366055965, 0.04886699840426445, -0.04755118116736412, 0.009608003310859203]
  distortion_model: equidistant
  intrinsics: [288.0343933105469, 288.10589599609375, 423.4447937011719, 397.2908935546875] #fu, fv, cu, cv
  # [288.0343933105469, 0.0, 423.4447937011719, 0.0, 288.10589599609375, 397.2908935546875, 0.0, 0.0, 1.0]
  resolution: [848, 800]
  rostopic: /camera/fisheye1/image_raw
cam1:
  T_imu_cam: #rotation from camera to IMU R_CtoI, position of camera in IMU p_CinI
    - [-9.99948864e-01, -4.38566090e-03,  9.11240973e-03, -5.30839901e-02]
    - [ 4.46783101e-03, -9.99949368e-01,  9.01668156e-03,  3.14646265e-04]
    - [ 9.07240424e-03,  9.05693319e-03,  9.99917828e-01, -4.29798506e-04]
    - [ 0.00000000e+00,  0.00000000e+00,  0.00000000e+00,  1.00000000e+00]
  cam_overlaps: [0]
  camera_model: pinhole
  distortion_coeffs:  [-0.009030886925756931, 0.04275989904999733, -0.04082440957427025, 0.007355088833719492]
  distortion_model: equidistant
  intrinsics: [287.9682922363281, 288.131103515625, 424.3941955566406, 399.6671142578125] #fu, fv, cu, cv
  # [287.9682922363281, 0.0, 424.3941955566406, 0.0, 288.131103515625, 399.6671142578125, 0.0, 0.0, 1.0]
  resolution: [848, 800]
  rostopic: /camera/fisheye2/image_raw