dataset_name: calib_20220626
image_width: 346
image_height: 260
camera_name: stereo_left_DAVIS_346
camera_matrix: !!opencv-matrix
  rows: 3
  cols: 3
  dt: f
  data: [ 2.94732605e+02, 0., 1.62383499e+02, 
          0., 2.94741486e+02, 1.30411102e+02, 
          0., 0., 1. ]
distortion_model: plumb_bob
distortion_coefficients: !!opencv-matrix
  rows: 1
  cols: 4
  dt: f
  data: [ -3.74300003e-01, 1.61500007e-01, 1.59999996e-03, -6.99999975e-04 ]
rectification_matrix: !!opencv-matrix
  rows: 3
  cols: 3
  dt: f
  data: [ 9.99845088e-01, -9.02859680e-03, -1.51110562e-02,
          8.85486417e-03, 9.99894381e-01, -1.15247592e-02, 
          1.52135128e-02, 1.13891670e-02, 9.99819398e-01 ]
projection_matrix: !!opencv-matrix
  rows: 3
  cols: 4
  dt: f
  data: [ 2.35272125e+02, 0., 1.70898941e+02, 0., 
          0., 2.35272125e+02, 1.28672394e+02, 0., 
          0., 0., 1., 0. ]
          
quaternion_stereo: !!opencv-matrix
  rows: 1
  cols: 4
  dt: f
  data: [ 1., 0., 0., 0. ]
translation_stereo: !!opencv-matrix
  rows: 1
  cols: 3
  dt: f
  data: [ 0., 0., 0. ]

# extrinsics from the sensor (reference) to bodyimu (target)
quaternion_sensor_bodyimu: !!opencv-matrix
  rows: 1
  cols: 4
  dt: f
  data: [0.507780, 0.496977, -0.498975, 0.496181]
translation_sensor_bodyimu: !!opencv-matrix
  rows: 1
  cols: 3
  dt: f
  data: [0.110739, -0.011132, -0.077121]
timeshift_sensor_bodyimu: 0.0640086388104989

# extrinsics from the sensor (reference) to its own event camera imu (target)
quaternion_sensor_ecimu: !!opencv-matrix
  rows: 1
  cols: 4
  dt: f
  data: [0.999982, 0.003151,0.004548,  0.002042]
translation_sensor_ecimu: !!opencv-matrix
  rows: 1
  cols: 3
  dt: f
  data: [-0.001752, 0.004215, -0.037974]
timeshift_sensor_ecimu: 0.0020887332592170026