dataset_name: calib_20220626
image_width: 1024
image_height: 768
camera_name: stereo_right_Flir_BFSU3
camera_matrix: !!opencv-matrix
  rows: 3
  cols: 3
  dt: f
  data: [ 6.01628601e+02, 0., 5.16943420e+02, 
          0., 6.01346008e+02, 3.88223511e+02, 
          0., 0., 1. ]
distortion_model: plumb_bob
distortion_coefficients: !!opencv-matrix
  rows: 1
  cols: 4
  dt: f
  data: [ -0.096145848562785, 0.084502468880106, 0.000023771437, -0.000146652646]
rectification_matrix: !!opencv-matrix
  rows: 3
  cols: 3
  dt: f
  data: [ 9.99987245e-01, 4.38316260e-03, 2.50466447e-03,
          -4.39748121e-03, 9.99973834e-01, 5.74017968e-03, 
          -2.47943867e-03, -5.75112086e-03, 9.99980390e-01 ]
projection_matrix: !!opencv-matrix
  rows: 3
  cols: 4
  dt: f
  data: [ 5.35888550e+02, 0., 5.11810913e+02, -8.55824966e+01, 
          0., 5.35888550e+02, 3.89807373e+02, 0., 
          0., 0., 1., 0. ]

quaternion_stereo: !!opencv-matrix
  rows: 1
  cols: 4
  dt: f
  data: [ 9.99925017e-01, 5.72542939e-03, 3.20023997e-03, 1.04757855e-02 ]
translation_stereo: !!opencv-matrix
  rows: 1
  cols: 3
  dt: f
  data: [ -1.59700006e-01, -6.99999975e-04, -3.99999990e-04 ]

# extrinsics from the sensor (reference) to bodyimu (target)
quaternion_sensor_bodyimu: !!opencv-matrix
  rows: 1
  cols: 4
  dt: f
  data: [0.496182, 0.500373, -0.503842, 0.499572]
translation_sensor_bodyimu: !!opencv-matrix
  rows: 1
  cols: 3
  dt: f
  data: [-0.093892, -0.018766, -0.084219]
timeshift_sensor_bodyimu: 0.10179006159235987