dataset_name: calib_20220626
image_width: 1024
image_height: 768
camera_name: stereo_left_Flir_BFSU3
camera_matrix: !!opencv-matrix
  rows: 3
  cols: 3
  dt: f
  data: [ 6.01724915e+02, 0., 5.19341187e+02, 
          0., 6.01596130e+02, 3.93778687e+02, 
          0., 0., 1. ]
distortion_model: plumb_bob
distortion_coefficients: !!opencv-matrix
  rows: 1
  cols: 4
  dt: f
  data: [ -8.83999988e-02, 7.90999979e-02, -9.99999975e-05, 6.00000028e-04 ]
rectification_matrix: !!opencv-matrix
  rows: 3
  cols: 3
  dt: f
  data: [ 9.99823570e-01, -1.65018979e-02, 8.97424202e-03,
          1.65531915e-02, 9.99846876e-01, -5.67163946e-03, 
          -8.87927506e-03, 5.81919122e-03, 9.99943674e-01 ]
projection_matrix: !!opencv-matrix
  rows: 3
  cols: 4
  dt: f
  data: [ 5.35888550e+02, 0., 5.11810913e+02, 0., 
          0., 5.35888550e+02, 3.89807373e+02, 0., 
          0., 0., 1., 0. ]
          
quaternion_stereo: !!opencv-matrix
  rows: 1
  cols: 4
  dt: f
  data: [ 1., 0., 0., 0. ]
translation_stereo: !!opencv-matrix
  rows: 1
  cols: 3
  dt: f
  data: [ 0., 0., 0. ]

# extrinsics from the sensor (reference) to bodyimu (target)
quaternion_sensor_bodyimu: !!opencv-matrix
  rows: 1
  cols: 4
  dt: f
  data: [0.502630, 0.490617, -0.507773, 0.498822]
translation_sensor_bodyimu: !!opencv-matrix
  rows: 1
  cols: 3
  dt: f
  data: [0.065939, -0.020402, -0.083177]
timeshift_sensor_bodyimu: 0.10171813976120603