dataset_name: calib_20220424
image_width: 1024
image_height: 768
camera_name: stereo_right_Flir_BFSU3
camera_matrix: !!opencv-matrix
  rows: 3
  cols: 3
  dt: f
  data: [ 6.04964966e+02, 0., 5.16844666e+02,
          0., 6.04625610e+02, 3.88209320e+02,
          0., 0., 1. ]
distortion_model: plumb_bob
distortion_coefficients: !!opencv-matrix
  rows: 1
  cols: 4
  dt: f
  data: [ -9.58003029e-02, 8.74120295e-02, 2.08094658e-04, -1.08567670e-04 ]
rectification_matrix: !!opencv-matrix
  rows: 3
  cols: 3
  dt: f
  data: [ 9.99987543e-01, 4.83056623e-03, 1.24577642e-03,
          -4.83735651e-03, 9.99973118e-01, 5.50653692e-03,
          -1.21914328e-03, -5.51249459e-03, 9.99984086e-01 ]
projection_matrix: !!opencv-matrix
  rows: 3
  cols: 4
  dt: f
  data: [ 6.04799866e+02, 0., 5.14155396e+02, -9.65739136e+01, 
          0., 6.04799866e+02, 3.91754669e+02, 0., 
          0., 0., 1., 0. ]

quaternion_stereo: !!opencv-matrix
  rows: 1
  cols: 4
  dt: f
  data: [ 9.99922812e-01, 5.2e-03, 3.10e-03, 1.06e-02 ]
translation_stereo: !!opencv-matrix
  rows: 1
  cols: 3
  dt: f
  data: [ -1.583e-01, -7.613e-04, -8.649e-04 ]

# extrinsics from the sensor (reference) to bodyimu (target)
quaternion_sensor_bodyimu: !!opencv-matrix
  rows: 1
  cols: 4
  dt: f
  data: [0.494020, 0.500019, -0.504264, 0.501638]
translation_sensor_bodyimu: !!opencv-matrix
  rows: 1
  cols: 3
  dt: f
  data: [-0.092345, -0.020508, -0.079230]
timeshift_sensor_bodyimu: 0.11931088791284203